0.0001	202.158	417.5  simulated order 1
0.0003	166.671	417.5
0.0005	141.782	417.5  simulated order 18
0.0007	123.361	417.5
0.0009	109.512	427.5
0.0011	99.3048	432.5  simulated order 2
0.0013	91.037	432.5
0.0015	84.04	432.5
0.0017	78.0418	432.5 simulated order 12
0.0019	72.8428	432.5
0.0021	68.2933	432.5 simulated order 13
0.0023	64.2786	432.5
0.0025	60.7117	435   simulated order 11
0.0027	57.5872	435
0.0029	54.7685	435 simulated order 17
0.0031	52.2128	435
0.0033	49.885	435   simulated order 3
0.0035	47.756	435
0.0037	45.8012	435  simulated order 16
0.0039	44.0001	435
0.0041	42.3354	435
0.0043	40.792	435  simulated order 10
0.0045	39.5676	467.5
0.0047	38.5458	467.5
0.0049	37.5755	467.5
0.0051	36.6686	472.5
0.0053	35.8252	472.5
0.0055	35.0198	472.5 simulated order 15
0.0057	34.2497	472.5
0.0059	33.5128	472.5
0.0061	32.8069	472.5
0.0063	32.1302	472.5
0.0065	31.4808	472.5
0.0067	30.8572	472.5   simulated order 4
0.0069	30.2577	472.5
0.0071	29.6812	472.5
0.0073	29.1261	472.5
0.0075	28.5938	475
0.0077	28.089	475
0.0079	27.6016	475
0.0081	27.1309	475
0.0083	26.6759	475
0.0085	26.236	475
0.0087	25.8103	475  
0.0089	25.4219	485
0.0091	25.0536	485  simulated order 14
0.0093	24.6958	485
0.0095	24.348	485
0.0097	24.0099	485
0.0099	23.6811	485
0.0101	23.3611	485
0.0103	23.0497	485
0.0105	22.7465	485
0.0107	22.4511	485
0.0109	22.1634	485
0.0111	21.8829	485
0.0113	21.6094	485
0.0115	21.3427	485
0.0117	21.0824	485
0.0119	20.8285	485
0.0121	20.5833	490
0.0123	20.3508	490
0.0125	20.1234	490
0.0127	19.9011	490   simulated order 5
0.0129	19.6837	490    simulated order 9 (use it as data)
0.0131	19.4709	490
0.0133	19.2627	490
0.0135	19.059	490
0.0137	18.8594	490
0.0139	18.664	490
0.0141	18.4727	490
0.0143	18.2852	490
0.0145	18.1014	490
0.0147	17.9214	490
0.0149	17.7448	490
0.0151	17.5718	490
0.0153	17.402	490
0.0155	17.2355	490
0.0157	17.0722	490
0.0159	16.9119	490
0.0161	16.7546	490
0.0163	16.6002	490
0.0165	16.4487	490
0.0167	16.2999	490
0.0169	16.1537	490
0.0171	16.0101	490
0.0173	15.8691	490
0.0175	15.7305	490
0.0177	15.5944	490
0.0179	15.4605	490
0.0181	15.329	490
0.0183	15.1996	490
0.0185	15.0725	490
0.0187	14.9474	490    simulated order 6
0.0189	14.8244	490
0.0191	14.7034	490
0.0193	14.5844	490
0.0195	14.4673	490
0.0197	14.352	490
0.0199	14.2386	490
0.0201	14.1269	490
0.0203	14.017	490
0.0205	13.9088	490
0.0207	13.8022	490
0.0209	13.6989	495
0.0211	13.5996	495
0.0213	13.5017	495
0.0215	13.4052	495
0.0217	13.3101	495
0.0219	13.2164	495
0.0221	13.1239	495
0.0223	13.0328	495
0.0225	12.9428	495
0.0227	12.8542	495
0.0229	12.7667	495
0.0231	12.6804	495
0.0233	12.5953	495
0.0235	12.5113	495
0.0237	12.4284	495
0.0239	12.3466	495
0.0241	12.2659	495
0.0243	12.1862	495
0.0245	12.1076	495
0.0247	12.03	495
0.0249	11.9533	495
0.0251	11.8776	495
0.0253	11.8029	495
0.0255	11.7291	495
0.0257	11.6563	495
0.0259	11.5843	495
0.0261	11.5132	495
0.0263	11.443	495
0.0265	11.3736	495
0.0267	11.3051	495
0.0269	11.2374	495
0.0271	11.1705	495
0.0273	11.1043	495
0.0275	11.039	495
0.0277	10.9744	495
0.0279	10.9106	495
0.0281	10.8475	495
0.0283	10.7852	495
0.0285	10.7235	495
0.0287	10.6626	495
0.0289	10.6023	495
0.0291	10.5428	495
0.0293	10.4838	495
0.0295	10.4256	495
0.0297	10.37	500
0.0299	10.3152	500
0.0301	10.261	500
0.0303	10.2074	500
0.0305	10.1543	500
0.0307	10.1018	500
0.0309	10.0498	500
0.0311	9.9984	500   simulated order 7
0.0313	9.94748	500
0.0315	9.89707	500
0.0317	9.84717	500
0.0319	9.79777	500
0.0321	9.74887	500
0.0323	9.70045	500
0.0325	9.65251	500
0.0327	9.60504	500
0.0329	9.55804	500
0.0331	9.51149	500 (I give number 45 to it, run the simulation in ratpac folder 6)
0.0333	9.46539	500
0.0335	9.41974	500
0.0337	9.37453	500
0.0339	9.32975	500
0.0341	9.2854	500
0.0343	9.24146	500
0.0345	9.19794	500
0.0347	9.15483	500
0.0349	9.11212	500
0.0351	9.0698	500
0.0353	9.02788	500
0.0355	8.98634	500
0.0357	8.94518	500
0.0359	8.9044	500
0.0361	8.86399	500
0.0363	8.82394	500
0.0365	8.78426	500
0.0367	8.74493	500
0.0369	8.70595	500
0.0371	8.66731	500
0.0373	8.62902	500
0.0375	8.59107	500
0.0377	8.55344	500
0.0379	8.51615	500 (I give number 44 to it, run the simulation in ratpac folder 5)
0.0381	8.47918	500
0.0383	8.44252	500
0.0385	8.40619	500
0.0387	8.37016	500
0.0389	8.33444	500
0.0391	8.29903	500
0.0393	8.26392	500
0.0395	8.2291	500
0.0397	8.19457	500
0.0399	8.16467	540
0.0401	8.13966	540
0.0403	8.1148	540
0.0405	8.0901	540
0.0407	8.06554	540
0.0409	8.04113	540
0.0411	8.01687	540
0.0413	7.99276	540 (I give number 43 to it, run the simulation in ratpac folder 4)
0.0415	7.96879	540
0.0417	7.94496	540
0.0419	7.92128	540
0.0421	7.89774	540
0.0423	7.87433	540
0.0425	7.85107	540
0.0427	7.82794	540
0.0429	7.80494	540
0.0431	7.78209	540
0.0433	7.75936	540
0.0435	7.73677	540
0.0437	7.71462	542.5
0.0439	7.6927	542.5
0.0441	7.6709	542.5
0.0443	7.64922	542.5
0.0445	7.62766	542.5
0.0447	7.60623	542.5
0.0449	7.58491	542.5
0.0451	7.56372	542.5
0.0453	7.54264	542.5
0.0455	7.52168	542.5
0.0457	7.50084	542.5 (I give number 42 to it, run the simulation in ratpac folder 3)
0.0459	7.48011	542.5
0.0461	7.4595	542.5
0.0463	7.439	542.5
0.0465	7.41861	542.5
0.0467	7.39833	542.5
0.0469	7.37816	542.5
0.0471	7.35811	542.5
0.0473	7.33816	542.5
0.0475	7.31832	542.5
0.0477	7.29858	542.5
0.0479	7.27896	542.5
0.0481	7.25943	542.5
0.0483	7.24002	542.5
0.0485	7.2207	542.5
0.0487	7.20149	542.5
0.0489	7.18238	542.5
0.0491	7.16338	542.5
0.0493	7.14447	542.5
0.0495	7.12566	542.5
0.0497	7.10695	542.5
0.0499	7.08834	542.5
0.0501	7.06982	542.5
0.0503	7.05141	542.5
0.0505	7.03308	542.5
0.0507	7.01486	542.5   (I give number 41 to it, run the simulation in ratpac folder 2)
0.0509	6.99672	542.5
0.0511	6.97869	542.5
0.0513	6.96074	542.5
0.0515	6.94288	542.5
0.0517	6.92512	542.5
0.0519	6.90745	542.5
0.0521	6.88987	542.5
0.0523	6.87237	542.5
0.0525	6.85497	542.5
0.0527	6.83765	542.5
0.0529	6.82042	542.5
0.0531	6.80328	542.5
0.0533	6.78622	542.5
0.0535	6.76925	542.5
0.0537	6.75236	542.5
0.0539	6.73556	542.5
0.0541	6.71884	542.5
0.0543	6.70221	542.5
0.0545	6.68565	542.5
0.0547	6.66918	542.5
0.0549	6.65279	542.5
0.0551	6.63648	542.5
0.0553	6.62136	565
0.0555	6.60762	565
0.0557	6.59394	565
0.0559	6.58032	565
0.0561	6.56675	565
0.0563	6.55323	565
0.0565	6.53978	565
0.0567	6.52637	565
0.0569	6.51303	565
0.0571	6.49973	565    simulated order 8
0.0573	6.48649	565
0.0575	6.47331	565
0.0577	6.46018	565
0.0579	6.4471	565
0.0581	6.43407	565
0.0583	6.4211	565
0.0585	6.40818	565
0.0587	6.39531	565
0.0589	6.38249	565
0.0591	6.36972	565
0.0593	6.35701	565
0.0595	6.34434	565
0.0597	6.33173	565
0.0599	6.31917	565
